|   Type    |  M_B  |  M_V  |  M_J  |   M_H  |   M_K  |  M_12  |  M_25  | sigm  |  hz  | lrho0 | disk | arm  | ring | bulge| halo |
|   char    | double| double| double| double | double | double | double | double|double| double|double|double|double|double|double|
  B0,1 V      -4.08   -3.80   -3.15    -3.04    -3.00    -2.80    -3.30   0.70     90     2.95    0.2    0.4    0.4    0.0    0.0
  B2,3 V      -2.22   -2.00   -1.50    -1.41    -1.38    -1.26    -1.76   0.50     90     3.85    0.2    0.4    0.4    0.0    0.0
  B5 V        -1.16   -1.00   -0.65    -0.59    -0.57    -0.50    -1.00   0.50     90     4.10    0.2    0.4    0.4    0.0    0.0
  B8-A0 V      0.15    0.20    0.31     0.32     0.33     0.27     0.27   0.50    110     5.35    0.4    0.3    0.3    0.0    0.0
  A2-5 V       1.70    1.60    1.42     1.38     1.36     1.33     1.33   0.50    130     5.55    0.6    0.2    0.2    0.0    0.0
  F0-5 V       3.32    2.95    2.27     2.09     2.04     2.00     2.00   0.50    160     6.10    0.8    0.1    0.1    0.0    0.0
  F8 V         4.54    4.00    3.17     2.94     2.88     2.80     2.78   0.50    270     6.20    1.0    0.0    0.1    1.0    1.0
  G0-2 V       5.16    4.55    3.57     3.31     3.24     3.14     3.11   0.50    270     6.30    1.0    0.0    0.1    1.0    1.0
  G5 V         5.81    5.15    4.00     3.70     3.61     3.46     3.43   0.50    325     6.50    1.0    0.0    0.1    1.0    1.0
  G8-K3 V      6.93    6.10    4.62     4.19     4.08     3.88     3.83   0.50    325     6.80    1.0    0.0    0.1    1.0    1.0
  K4-5 V       8.65    7.50    5.37     4.79     4.63     4.35     4.28   0.60    325     6.90    1.0    0.0    0.1    1.0    1.0
  M0-1 V      10.45    9.00    6.47     5.82     5.63     5.26     5.16   0.70    325     7.00    1.0    0.0    0.1    1.0    1.0
  M2-3 V      11.94   10.40    7.43     6.77     6.53     6.12     6.01   0.80    325     7.10    1.0    0.0    0.1    1.0    1.0
  M4-5 V      13.39   11.80    8.33     7.71     7.43     6.98     6.85   1.00    325     7.20    1.0    0.0    0.1    1.0    1.0
  M late V    14.91   13.20    9.25     8.67     8.33     7.83     7.65   1.00    325     7.30    1.0    0.0    0.1    1.0    1.0
  F8-G2 III    3.10    2.45    1.00     0.56     0.45     0.43     0.41   1.00    325     4.50    1.0    0.0    0.1    1.0    1.0
  G5 III       2.89    2.05    0.50     0.05    -0.07    -0.10    -0.13   1.00    325     4.50    1.0    0.0    0.1    1.0    1.0
  G8 III       2.55    1.60    0.03    -0.44    -0.56    -0.59    -0.63   0.80    270     5.05    1.0    0.0    0.1    1.0    1.0
  K0,1 III     2.37    1.30   -0.45    -0.97    -1.11    -1.18    -1.23   0.70    270     5.40    1.0    0.0    0.1    1.0    1.0
  K2,3 III     2.34    1.10   -0.89    -1.50    -1.65    -1.76    -1.82   0.70    270     5.05    1.0    0.0    0.1    1.0    1.0
  K4,5 III     1.80    0.35   -2.18    -2.91    -3.10    -3.26    -3.33   0.70    325     4.25    1.0    0.0    0.1    1.0    1.0
  M0 III       1.17   -0.40   -3.17    -3.93    -4.14    -4.35    -4.44   0.60    325     3.60    1.0    0.0    0.1    1.0    1.0
  M1 III       1.12   -0.50   -3.39    -4.19    -4.40    -4.69    -4.79   0.60    325     3.30    1.0    0.0    0.1    1.0    1.0
  M2 III       1.06   -0.60   -3.72    -4.53    -4.76    -5.03    -5.14   0.60    325     3.20    1.0    0.0    0.1    1.0    1.0
  M3 III       1.11   -0.60   -4.13    -4.98    -5.23    -5.51    -5.61   0.60    325     3.15    1.0    0.0    0.1    1.0    1.0
  M4 III       1.05   -0.70   -4.88    -5.77    -6.04    -6.18    -6.31   0.60    325     3.10    1.0    0.0    0.1    1.0    0.8
  M5 III       1.10   -0.70   -5.66    -6.59    -6.90    -6.79    -7.00   0.50    325     3.00    1.0    0.0    0.1    1.0    0.6
  M6 III       1.15   -0.70   -6.60    -7.55    -7.90    -8.37    -8.68   0.50    325     2.50    1.0    0.0    0.1    1.0    0.4
  M7 III       1.20   -0.70   -7.67    -8.65    -9.04    -9.93   -10.45   0.50    325     2.25    1.0    0.0    0.1    1.0    0.2
  YOUNG OB    -5.30   -5.14   -4.78    -4.73    -4.70    -4.64    -4.64   1.20     90     2.30    0.2    0.4    0.4    0.0    0.0
  A-G I-II    -5.62   -6.05   -6.73    -6.95    -7.00    -7.30    -7.30   2.00     90     1.50    0.2    0.4    0.4    0.0    0.0
  K-M2 I-II   -4.69   -6.34   -8.67    -9.32    -9.50   -10.22   -10.32   1.00     90     1.50    0.2    0.4    0.4    0.0    0.0
  M3-4 I-II   -3.89   -5.79   -9.82   -10.72   -11.00   -11.50   -11.70   1.00     90     1.10    0.2    0.4    0.4    0.0    0.0
  AGB M 01     2.70    1.19   -3.27    -4.05    -4.38    -4.64    -4.74   0.25    270    -0.79    1.0    0.0    0.1    1.0    1.0
  AGB M 03     2.77    1.21   -3.64    -4.49    -4.85    -5.51    -5.81   0.78    270     0.44    1.0    0.0    0.1    1.0    1.0
  AGB M 05     2.62    1.01   -4.11    -5.01    -5.39    -6.60    -7.10   1.21    270     1.21    1.0    0.0    0.1    1.0    1.0
  AGB M 07     1.70    0.04   -5.48    -6.45    -6.86    -8.36    -9.06   1.14    270     1.42    1.0    0.0    0.1    1.0    1.0
  AGB M 09     1.20   -0.52   -6.36    -7.38    -7.82    -9.69   -10.59   0.92    250     1.55    0.8    0.1    0.1    1.0    1.0
  AGB M 11     1.15   -0.73   -7.05    -8.16    -8.63   -10.90   -12.00   0.80    220     1.53    0.6    0.2    0.2    1.0    0.0
  AGB M 13     1.70   -0.30   -7.50    -8.76    -9.30   -12.32   -13.62   0.90    220     1.12    0.4    0.3    0.3    1.0    0.0
  AGB M 15     2.39    0.29   -7.31    -8.64    -9.21   -13.32   -14.82   0.74    160     0.45    0.2    0.4    0.4    0.0    0.0
  AGB M 17     3.55    1.35   -6.65    -8.05    -8.65   -13.81   -15.51   0.62    160    -0.12    0.2    0.4    0.4    0.0    0.0
  AGB M 19     4.87    2.57   -5.83    -7.30    -7.93   -14.03   -15.93   0.56    110    -0.47    0.2    0.4    0.4    0.0    0.0
  AGB M 21     5.72    3.32   -5.48    -7.02    -7.68   -14.18   -16.28   0.45    110    -0.89    0.2    0.4    0.4    0.0    0.0
  AGB M 23     6.72    4.22   -4.98    -6.59    -7.28   -14.28   -16.58   0.43    110    -1.46    0.2    0.4    0.4    0.0    0.0
  AGB M 25     7.80    5.20   -4.40    -6.08    -6.80   -14.30   -16.80   0.24    110    -1.84    0.2    0.4    0.4    0.0    0.0
  AGB C 01     1.42   -1.97   -6.02    -6.88    -7.41    -8.55    -8.65   0.84    220     0.69    1.0    0.0    0.1    1.0    1.0
  AGB C 03     1.55   -1.52   -6.01    -6.88    -7.41    -8.57    -8.87   0.82    220     1.06    1.0    0.0    0.1    1.0    1.0
  AGB C 05     2.42   -0.86   -5.96    -6.88    -7.45    -8.79    -9.29   0.70    220    -0.39    0.8    0.1    0.1    1.0    1.0
  AGB C 07     0.08   -2.03   -6.31    -7.19    -7.64    -8.67    -9.37   0.76    220    -0.90    0.8    0.1    0.1    0.0    0.0
  AGB C 09    -0.29   -2.40   -6.68    -7.56    -8.01    -9.04    -9.94   0.59    220    -1.02    0.8    0.1    0.1    0.0    0.0
  AGB C 11     0.81   -2.19   -6.74    -7.64    -8.19    -9.19   -10.29   0.64    220    -1.32    0.8    0.1    0.1    0.0    0.0
  AGB C 13     0.68   -2.32   -6.87    -7.77    -8.32    -9.32   -10.62   0.65    220    -1.20    0.8    0.1    0.1    0.0    0.0
  AGB C 15     0.57   -2.43   -6.98    -7.88    -8.43    -9.43   -10.93   0.60    220    -1.66    0.6    0.2    0.2    0.0    0.0
  AGB C 17     0.38   -2.62   -7.17    -8.07    -8.62    -9.62   -11.32   0.58    220    -1.95    0.6    0.2    0.2    0.0    0.0
  AGB C 19     1.33   -1.67   -7.22    -8.12    -8.67    -9.77   -11.67   0.59    160    -1.34    0.4    0.3    0.3    0.0    0.0
  AGB C 21     1.24   -1.76   -7.31    -8.21    -8.76    -9.86   -11.96   0.52    160    -1.85    0.4    0.3    0.3    0.0    0.0
  AGB C 23     1.32   -1.68   -7.23    -8.13    -8.68    -9.78   -12.08   0.50    160    -2.15    0.4    0.3    0.3    0.0    0.0
  AGB C 25     1.17   -1.83   -7.38    -8.28    -8.83    -9.93   -12.43   0.49    160    -2.39    0.2    0.4    0.4    0.0    0.0
  AGB CI 01    5.98    2.17   -3.37    -4.66    -5.81    -8.92    -9.02   0.35    270    -0.85    1.0    0.0    0.1    1.0    1.0
  AGB Cl 03    4.21    1.51   -4.17    -5.27    -6.22    -9.12    -9.42   0.53    270     0.19    1.0    0.0    0.1    1.0    1.0
  AGB CI 05    4.20    2.20   -3.14    -4.69    -6.09    -9.69   -10.19   0.65    220     0.33    0.8    0.1    0.1    1.0    1.0
  AGB CI 07    2.71   -0.26   -5.57    -6.59    -7.25   -10.09   -10.79   1.06    220     0.36    0.8    0.1    0.1    0.0    0.0
  AGB CI 09    1.34   -1.66   -6.97    -7.99    -8.65   -11.49   -12.39   2.90    220     0.31    0.6    0.2    0.2    0.0    0.0
  AGB CI 11    1.69   -1.31   -6.61    -7.81    -8.81   -11.81   -12.91   2.21    220     0.16    0.6    0.2    0.2    0.0    0.0
  AGB CI 13    1.29   -1.71   -7.01    -8.21    -9.21   -12.21   -13.51   0.93    220    -0.16    0.6    0.2    0.2    0.0    0.0
  AGB CI 15    0.49   -2.51   -7.81    -9.01   -10.01   -13.01   -14.51   0.78    220    -1.00    0.4    0.3    0.3    0.0    0.0
  AGB CI 17    2.34   -0.66   -5.96    -7.16    -8.16   -11.16   -12.86   1.10    220    -1.74    0.4    0.3    0.3    0.0    0.0
  AGB Cl 19    4.50    1.50   -3.80    -5.00    -6.00    -9.00   -10.90   0.60    220    -2.59    0.4    0.3    0.3    0.0    0.0
  AGB C1 21    4.16    1.16   -4.14    -5.34    -6.34    -9.34   -11.44   0.60    220    -2.59    0.4    0.3    0.3    0.0    0.0
  AGB CI 23    3.82    0.82   -4.48    -5.68    -6.68    -9.68   -11.98   0.60    160    -2.42    0.4    0.3    0.3    0.0    0.0
  AGB CI 25    3.48    0.48   -4.82    -6.02    -7.02   -10.02   -12.52   0.60    160    -2.38    0.4    0.3    0.3    0.0    0.0
  AGB CI 27    3.14    0.14   -5.16    -6.36    -7.36   -10.36   -13.06   0.60    160    -1.69    0.2    0.4    0.4    0.0    0.0
  AGB CI 29    2.80   -0.20   -5.50    -6.70    -7.70   -10.70   -13.60   0.60    160    -1.67    0.2    0.4    0.4    0.0    0.0
  AGB CI 31    2.46   -0.54   -5.84    -7.04    -8.04   -11.04   -14.14   0.60    160    -2.22    0.2    0.4    0.4    0.0    0.0
  X IE         0.49   -1.51   -6.51    -8.31    -9.71   -14.31   -15.82   0.37     90    -0.45    0.2    0.4    0.4    0.0    0.0
  X 1A         9.20    7.20    2.20    -0.30    -2.80   -14.40   -16.85   0.31     90    -0.24    0.2    0.4    0.4    0.0    0.0
  X 2          4.25    2.25   -2.75    -4.65    -7.15   -15.35   -17.75   0.45     90    -0.01    0.2    0.4    0.4    0.0    0.0
  X 3          9.29    7.29    2.29    -0.71    -3.71   -16.31   -18.80   0.28     90    -0.70    0.2    0.4    0.4    0.0    0.0
  X 4         -1.90   -3.90   -8.90   -10.20   -11.30   -16.80   -17.77   1.41     90    -0.50    0.2    0.4    0.4    0.0    0.0
  X 5         -1.18   -3.18   -8.18   -10.28   -12.38   -16.98   -18.88   0.28     90    -0.85    0.2    0.4    0.4    0.0    0.0
  T TAURI      7.29    6.01    2.88     2.11     1.74    -1.86    -3.81   1.40    250    -0.02    1.0    0.0    0.1    0.0    0.0
  PN BLUE     -2.61   -3.32   -3.98    -3.66    -4.37   -11.00   -12.96   1.10    250    -0.02    1.0    0.0    0.1    1.0    1.0
  PN RED       0.04   -0.67   -1.33    -1.01    -1.72    -8.35   -12.06   1.35    250     1.26    1.0    0.0    0.1    1.0    1.0
  RN BLUE     -0.50   -0.40   -0.18    -0.78    -0.10    -4.05    -5.92   1.73    120     2.15    0.2    0.4    0.4    0.0    0.0
  RN RED      -0.50   -0.40   -0.18    -1.13    -0.10    -4.54    -7.65   2.31    120     2.04    0.2    0.4    0.4    0.0    0.0
  H II REG    12.53    8.53    5.53     1.53    -1.47    -8.50   -12.26   2.40     90     1.63    0.2    0.4    0.4    0.0    0.0

