-9.749999999999999778e-01 5.855582474095887946e+00
-9.249999999999999334e-01 5.878657426861372493e+00
-8.750000000000000000e-01 6.062932112079888469e+00
-8.249999999999999556e-01 6.159784524919174054e+00
-7.750000000000000222e-01 6.344533420378484223e+00
-7.249999999999999778e-01 6.558214284427182683e+00
-6.750000000000000444e-01 6.683896800400896510e+00
-6.250000000000000000e-01 6.784302395891422144e+00
-5.749999999999999556e-01 6.948069236103447288e+00
-5.250000000000000222e-01 7.049451283316480854e+00
-4.750000000000000333e-01 7.258364807341303404e+00
-4.250000000000000444e-01 7.543161602038026992e+00
-3.750000000000000000e-01 7.685346171780000901e+00
-3.250000000000000666e-01 7.741484883844943710e+00
-2.750000000000000222e-01 7.991134446852250051e+00
-2.250000000000000888e-01 8.165102677521579366e+00
-1.750000000000000444e-01 8.400671702135564800e+00
-1.250000000000000000e-01 8.636704007421966978e+00
-7.500000000000006661e-02 8.791525770025266695e+00
-2.500000000000002220e-02 8.903501945719943578e+00
2.499999999999991118e-02 8.726751433936509983e+00
7.499999999999984457e-02 8.452084161024140840e+00
1.249999999999998890e-01 8.238371581130385479e+00
1.749999999999999334e-01 7.976555927218608844e+00
2.249999999999999778e-01 7.725426406350361042e+00
2.750000000000000222e-01 7.470934272649938812e+00
3.249999999999998446e-01 7.358239861694494621e+00
3.749999999999998890e-01 7.143638750262806703e+00
4.249999999999999334e-01 6.944977261181498385e+00
4.749999999999999778e-01 6.843081427733750388e+00
5.249999999999998002e-01 6.664116806190560460e+00
5.749999999999998446e-01 6.552738629788523284e+00
6.249999999999998890e-01 6.425908913698116898e+00
6.749999999999999334e-01 6.337646551918798110e+00
7.249999999999999778e-01 6.110978571516199942e+00
7.749999999999998002e-01 5.950953697523632790e+00
8.249999999999998446e-01 5.758137831072916768e+00
8.749999999999998890e-01 5.686322919862991654e+00
9.249999999999999334e-01 5.581108642405582465e+00
9.749999999999999778e-01 5.432526233758309786e+00
