-9.749999999999999778e-01 4.031244647555881215e+02
-9.249999999999999334e-01 4.222639487372504163e+02
-8.750000000000000000e-01 4.465312657674153911e+02
-8.249999999999999556e-01 4.800723809136284785e+02
-7.750000000000000222e-01 5.203892612033420164e+02
-7.249999999999999778e-01 5.675879713270398952e+02
-6.750000000000000444e-01 6.214343609280056171e+02
-6.250000000000000000e-01 6.870170399983724110e+02
-5.749999999999999556e-01 7.519406972249348655e+02
-5.250000000000000222e-01 8.099026962280273665e+02
-4.750000000000000333e-01 8.717003075493706774e+02
-4.250000000000000444e-01 9.539932886759439725e+02
-3.750000000000000000e-01 1.028737764655219280e+03
-3.250000000000000666e-01 1.072942848714192678e+03
-2.750000000000000222e-01 1.128422295464409672e+03
-2.250000000000000888e-01 1.217002641126844537e+03
-1.750000000000000444e-01 1.308532408311632025e+03
-1.250000000000000000e-01 1.394774944729275148e+03
-7.500000000000006661e-02 1.454844481235080366e+03
-2.500000000000002220e-02 1.462235198974609375e+03
2.499999999999991118e-02 1.407989120313856347e+03
7.499999999999984457e-02 1.296764922756618944e+03
1.249999999999998890e-01 1.185031544833713042e+03
1.749999999999999334e-01 1.091702267116970461e+03
2.249999999999999778e-01 9.972311101277668968e+02
2.750000000000000222e-01 9.070821095784505133e+02
3.249999999999998446e-01 8.312388524373371865e+02
3.749999999999998890e-01 7.669904310438367929e+02
4.249999999999999334e-01 7.208327590942383267e+02
4.749999999999999778e-01 6.827417672051324189e+02
5.249999999999998002e-01 6.496279047648112055e+02
5.749999999999998446e-01 6.302084179348415773e+02
6.249999999999998890e-01 6.234634058634439953e+02
6.749999999999999334e-01 5.990434122721354697e+02
7.249999999999999778e-01 5.436965296427408703e+02
7.749999999999998002e-01 4.884484403822157219e+02
8.249999999999998446e-01 4.483467261420356067e+02
8.749999999999998890e-01 4.209835579766167371e+02
9.249999999999999334e-01 4.011204640706380360e+02
9.749999999999999778e-01 3.764978396945529653e+02
