-9.749999999999999778e-01 1.599396912335515353e+01
-9.249999999999999334e-01 1.729371966283534334e+01
-8.750000000000000000e-01 1.934151253440045437e+01
-8.249999999999999556e-01 2.169093967268614520e+01
-7.750000000000000222e-01 2.335425784688424855e+01
-7.249999999999999778e-01 2.362676957963817514e+01
-6.750000000000000444e-01 2.552118128790599272e+01
-6.250000000000000000e-01 2.906823967312419654e+01
-5.749999999999999556e-01 3.141710305870025977e+01
-5.250000000000000222e-01 3.253663363532275099e+01
-4.750000000000000333e-01 3.476253991496128037e+01
-4.250000000000000444e-01 3.724172245376609425e+01
-3.750000000000000000e-01 3.949240117977375064e+01
-3.250000000000000666e-01 3.970951193628559395e+01
-2.750000000000000222e-01 4.034461334754657713e+01
-2.250000000000000888e-01 4.184734385400401635e+01
-1.750000000000000444e-01 4.309296502934672191e+01
-1.250000000000000000e-01 4.524503931203333451e+01
-7.500000000000006661e-02 4.973869530812450535e+01
-2.500000000000002220e-02 4.884234380304943812e+01
2.499999999999991118e-02 4.674506445704403035e+01
7.499999999999984457e-02 4.355960377978832554e+01
1.249999999999998890e-01 3.988633676958089325e+01
1.749999999999999334e-01 3.837639147763702852e+01
2.249999999999999778e-01 3.567618481758415072e+01
2.750000000000000222e-01 3.179624359275432255e+01
3.249999999999998446e-01 2.965585088551787862e+01
3.749999999999998890e-01 2.771673293785193337e+01
4.249999999999999334e-01 2.703297274288600605e+01
4.749999999999999778e-01 2.661527682679873408e+01
5.249999999999998002e-01 2.597797940774069403e+01
5.749999999999998446e-01 2.648637136661000469e+01
6.249999999999998890e-01 2.680410404692536730e+01
6.749999999999999334e-01 2.577957859929287210e+01
7.249999999999999778e-01 2.427789582616251707e+01
7.749999999999998002e-01 2.356968303176994084e+01
8.249999999999998446e-01 2.163658930675404690e+01
8.749999999999998890e-01 2.035857905744018836e+01
9.249999999999999334e-01 1.876292355681659174e+01
9.749999999999999778e-01 1.579737200978103218e+01
