-9.749999999999999778e-01 2.709081339512402664e+01
-9.249999999999999334e-01 2.810863766319014445e+01
-8.750000000000000000e-01 2.982113175642158964e+01
-8.249999999999999556e-01 3.163740392410425173e+01
-7.750000000000000222e-01 3.360183562332537832e+01
-7.249999999999999778e-01 3.669246928105001615e+01
-6.750000000000000444e-01 3.968222731615065868e+01
-6.250000000000000000e-01 4.141724686638701058e+01
-5.749999999999999556e-01 4.392471804530116941e+01
-5.250000000000000222e-01 4.673936690792581317e+01
-4.750000000000000333e-01 4.919626630082290575e+01
-4.250000000000000444e-01 5.178125059596913360e+01
-3.750000000000000000e-01 5.448323633067833782e+01
-3.250000000000000666e-01 5.589068896758227112e+01
-2.750000000000000222e-01 5.801891219653716547e+01
-2.250000000000000888e-01 6.065917703990491106e+01
-1.750000000000000444e-01 6.332980833149543543e+01
-1.250000000000000000e-01 6.645644058713446611e+01
-7.500000000000006661e-02 6.830624674556811726e+01
-2.500000000000002220e-02 6.786859929936818503e+01
2.499999999999991118e-02 6.533004863117152183e+01
7.499999999999984457e-02 6.169485718036455069e+01
1.249999999999998890e-01 5.841489783632766120e+01
1.749999999999999334e-01 5.566606481415154661e+01
2.249999999999999778e-01 5.274737853267752286e+01
2.750000000000000222e-01 4.937274162759329243e+01
3.249999999999998446e-01 4.665325926663041400e+01
3.749999999999998890e-01 4.400930994975157518e+01
4.249999999999999334e-01 4.211270582510137217e+01
4.749999999999999778e-01 4.031294447671643155e+01
5.249999999999998002e-01 3.867803048170805624e+01
5.749999999999998446e-01 3.770861174089601064e+01
6.249999999999998890e-01 3.674323727311695365e+01
6.749999999999999334e-01 3.598891674404027441e+01
7.249999999999999778e-01 3.327389181275830055e+01
7.749999999999998002e-01 3.077478188481220656e+01
8.249999999999998446e-01 2.857153923218102065e+01
8.749999999999998890e-01 2.735143637415377427e+01
9.249999999999999334e-01 2.642911885324003762e+01
9.749999999999999778e-01 2.460474438153519827e+01
