-9.749999999999999778e-01 1.337333614561292734e+02
-9.249999999999999334e-01 1.358745437833997869e+02
-8.750000000000000000e-01 1.419422091166178461e+02
-8.249999999999999556e-01 1.565378296958075737e+02
-7.750000000000000222e-01 1.792081534915500356e+02
-7.249999999999999778e-01 1.985518661922878607e+02
-6.750000000000000444e-01 2.180225707583957160e+02
-6.250000000000000000e-01 2.452311628129747305e+02
-5.749999999999999556e-01 2.694261512756347656e+02
-5.250000000000000222e-01 2.908859832551744375e+02
-4.750000000000000333e-01 3.183353622436523551e+02
-4.250000000000000444e-01 3.549195376714070562e+02
-3.750000000000000000e-01 3.873228385501437856e+02
-3.250000000000000666e-01 3.931066383361816179e+02
-2.750000000000000222e-01 4.026484931098090101e+02
-2.250000000000000888e-01 4.350964505513509266e+02
-1.750000000000000444e-01 4.670497517479790304e+02
-1.250000000000000000e-01 5.159759571923150361e+02
-7.500000000000006661e-02 5.782226064470079336e+02
-2.500000000000002220e-02 5.890104317135280780e+02
2.499999999999991118e-02 5.419697596232095975e+02
7.499999999999984457e-02 4.753977562374539048e+02
1.249999999999998890e-01 4.159231181250678446e+02
1.749999999999999334e-01 3.731766329447428348e+02
2.249999999999999778e-01 3.286111494276258895e+02
2.750000000000000222e-01 2.839928356170654524e+02
3.249999999999998446e-01 2.510313113318549370e+02
3.749999999999998890e-01 2.287328804863823848e+02
4.249999999999999334e-01 2.176003604041205506e+02
4.749999999999999778e-01 2.095864714304606196e+02
5.249999999999998002e-01 2.041198784722222115e+02
5.749999999999998446e-01 2.102855526818169380e+02
6.249999999999998890e-01 2.261185546874999943e+02
6.749999999999999334e-01 2.237373942057291742e+02
7.249999999999999778e-01 1.944595747205946168e+02
7.749999999999998002e-01 1.647381579505072580e+02
8.249999999999998446e-01 1.451814020368788078e+02
8.749999999999998890e-01 1.362430080413818416e+02
9.249999999999999334e-01 1.316949569278293097e+02
9.749999999999999778e-01 1.206414417266845760e+02
