-9.749999999999999778e-01 1.065793873208179221e+01
-9.249999999999999334e-01 1.080499037946435692e+01
-8.750000000000000000e-01 1.156962620025258204e+01
-8.249999999999999556e-01 1.210882088452461858e+01
-7.750000000000000222e-01 1.280383555590692701e+01
-7.249999999999999778e-01 1.375876729395753273e+01
-6.750000000000000444e-01 1.465311531193521155e+01
-6.250000000000000000e-01 1.531731542546997993e+01
-5.749999999999999556e-01 1.618203212029309412e+01
-5.250000000000000222e-01 1.699076676546297904e+01
-4.750000000000000333e-01 1.787996392937014889e+01
-4.250000000000000444e-01 1.882224330340216056e+01
-3.750000000000000000e-01 1.976214655892962568e+01
-3.250000000000000666e-01 2.017606582891272282e+01
-2.750000000000000222e-01 2.094129487211079166e+01
-2.250000000000000888e-01 2.190855117934287222e+01
-1.750000000000000444e-01 2.288782091821976650e+01
-1.250000000000000000e-01 2.390830367738172058e+01
-7.500000000000006661e-02 2.466173358702903684e+01
-2.500000000000002220e-02 2.465416255224381104e+01
2.499999999999991118e-02 2.376077728964585845e+01
7.499999999999984457e-02 2.229650478150599824e+01
1.249999999999998890e-01 2.127913080993116068e+01
1.749999999999999334e-01 2.019830421609092497e+01
2.249999999999999778e-01 1.906156073771401438e+01
2.750000000000000222e-01 1.787797572061170825e+01
3.249999999999998446e-01 1.707747825626654148e+01
3.749999999999998890e-01 1.619619578265655235e+01
4.249999999999999334e-01 1.546216680441030000e+01
4.749999999999999778e-01 1.488355355391458623e+01
5.249999999999998002e-01 1.421784987660471344e+01
5.749999999999998446e-01 1.398760846972222893e+01
6.249999999999998890e-01 1.363037829773249143e+01
6.749999999999999334e-01 1.338513000292427968e+01
7.249999999999999778e-01 1.241276464855659434e+01
7.749999999999998002e-01 1.162310290072710828e+01
8.249999999999998446e-01 1.077852653934589888e+01
8.749999999999998890e-01 1.039243969888452135e+01
9.249999999999999334e-01 1.009073544194219529e+01
9.749999999999999778e-01 9.623874029530758989e+00
