-9.749999999999999778e-01 3.916775511819297506e+00
-9.249999999999999334e-01 3.921146832650240555e+00
-8.750000000000000000e-01 4.083933630789936764e+00
-8.249999999999999556e-01 4.190270471990985790e+00
-7.750000000000000222e-01 4.344476163401608027e+00
-7.249999999999999778e-01 4.535757229849812333e+00
-6.750000000000000444e-01 4.670424845934474156e+00
-6.250000000000000000e-01 4.755468521479206068e+00
-5.749999999999999556e-01 4.900627003955181138e+00
-5.250000000000000222e-01 5.008925887246393316e+00
-4.750000000000000333e-01 5.206115593798796404e+00
-4.250000000000000444e-01 5.450822893624414078e+00
-3.750000000000000000e-01 5.601016056309542357e+00
-3.250000000000000666e-01 5.659703901219476307e+00
-2.750000000000000222e-01 5.870850495836191563e+00
-2.250000000000000888e-01 6.070308875914757429e+00
-1.750000000000000444e-01 6.306232718137589011e+00
-1.250000000000000000e-01 6.581029826628895130e+00
-7.500000000000006661e-02 6.753760203103661652e+00
-2.500000000000002220e-02 6.797672524548134199e+00
2.499999999999991118e-02 6.609692981190757877e+00
7.499999999999984457e-02 6.311651048364582017e+00
1.249999999999998890e-01 6.105611670120635992e+00
1.749999999999999334e-01 5.847266584806811274e+00
2.249999999999999778e-01 5.599451085437328501e+00
2.750000000000000222e-01 5.350640015201560296e+00
3.249999999999998446e-01 5.221109630503488752e+00
3.749999999999998890e-01 5.032480569493944067e+00
4.249999999999999334e-01 4.856659596939988610e+00
4.749999999999999778e-01 4.771673834299895667e+00
5.249999999999998002e-01 4.602251791168142425e+00
5.749999999999998446e-01 4.509984025809430364e+00
6.249999999999998890e-01 4.411418298564380613e+00
6.749999999999999334e-01 4.337362748753253783e+00
7.249999999999999778e-01 4.147791768409673452e+00
7.749999999999998002e-01 4.022624065944335747e+00
8.249999999999998446e-01 3.836652915056045110e+00
8.749999999999998890e-01 3.784894723277579143e+00
9.249999999999999334e-01 3.697889067054087597e+00
9.749999999999999778e-01 3.575090302796762209e+00
