-7.600e+01 6.280e-01
-6.550e+01 1.210e-01
-6.450e+01 1.635e+00
-6.350e+01 1.814e+00
-6.250e+01 1.703e+00
-6.150e+01 1.805e+00
-6.050e+01 1.916e+00
-5.950e+01 1.855e+00
-5.850e+01 1.988e+00
-5.750e+01 2.142e+00
-5.650e+01 2.311e+00
-5.550e+01 2.458e+00
-5.450e+01 2.683e+00
-5.350e+01 2.836e+00
-5.250e+01 3.280e+00
-5.150e+01 3.157e+00
-5.050e+01 2.805e+00
-4.950e+01 2.883e+00
-4.850e+01 2.861e+00
-4.750e+01 2.888e+00
-4.650e+01 2.717e+00
-4.550e+01 2.904e+00
-4.450e+01 3.045e+00
-4.350e+01 2.788e+00
-4.250e+01 3.011e+00
-4.150e+01 3.109e+00
-4.050e+01 3.396e+00
-3.950e+01 3.368e+00
-3.850e+01 3.605e+00
-3.750e+01 3.753e+00
-3.650e+01 3.678e+00
-3.550e+01 3.806e+00
-3.450e+01 4.057e+00
-3.350e+01 3.620e+00
-3.250e+01 3.766e+00
-3.150e+01 3.961e+00
-3.050e+01 4.381e+00
-2.950e+01 4.520e+00
-2.850e+01 4.389e+00
-2.750e+01 4.537e+00
-2.650e+01 4.190e+00
-2.550e+01 5.062e+00
-2.450e+01 5.316e+00
-2.350e+01 5.523e+00
-2.250e+01 5.739e+00
-2.150e+01 6.027e+00
-2.050e+01 5.670e+00
-1.950e+01 4.920e+00
-1.850e+01 4.840e+00
-1.750e+01 4.456e+00
-1.650e+01 4.257e+00
-1.550e+01 4.418e+00
-1.450e+01 4.446e+00
-1.350e+01 5.160e+00
-1.250e+01 5.911e+00
-1.150e+01 5.771e+00
-1.050e+01 6.108e+00
-1.050e+01 6.098e+00
-9.500e+00 5.454e+00
-8.500e+00 5.715e+00
-7.500e+00 5.924e+00
-6.500e+00 7.413e+00
-5.500e+00 8.937e+00
-4.500e+00 9.196e+00
-3.500e+00 9.419e+00
-2.500e+00 1.051e+01
-1.500e+00 1.293e+01
-5.000e-01 1.739e+01
5.000e-01 1.706e+01
1.500e+00 1.250e+01
2.500e+00 1.011e+01
3.500e+00 9.360e+00
4.500e+00 8.618e+00
5.500e+00 8.283e+00
6.500e+00 7.881e+00
7.500e+00 7.415e+00
8.500e+00 6.989e+00
9.500e+00 7.190e+00
1.050e+01 6.373e+00
1.050e+01 6.354e+00
1.150e+01 7.269e+00
1.250e+01 6.370e+00
1.350e+01 6.283e+00
1.450e+01 6.471e+00
1.550e+01 7.327e+00
1.650e+01 6.517e+00
1.750e+01 6.886e+00
1.850e+01 7.085e+00
1.950e+01 6.879e+00
2.050e+01 7.129e+00
2.150e+01 6.895e+00
2.250e+01 6.141e+00
2.350e+01 5.644e+00
2.450e+01 5.976e+00
2.550e+01 6.475e+00
2.650e+01 7.207e+00
2.750e+01 6.825e+00
2.850e+01 5.646e+00
2.950e+01 5.325e+00
3.050e+01 4.217e+00
3.150e+01 4.828e+00
3.250e+01 5.599e+00
3.350e+01 4.678e+00
3.450e+01 3.554e+00
3.550e+01 3.603e+00
3.650e+01 3.753e+00
3.750e+01 3.222e+00
3.850e+01 3.055e+00
3.950e+01 3.119e+00
4.050e+01 3.293e+00
4.150e+01 3.004e+00
4.250e+01 2.794e+00
4.350e+01 2.787e+00
4.450e+01 2.867e+00
4.550e+01 2.751e+00
4.650e+01 2.681e+00
4.750e+01 2.644e+00
4.850e+01 2.438e+00
4.950e+01 2.364e+00
5.050e+01 2.202e+00
5.150e+01 2.070e+00
5.250e+01 2.165e+00
5.350e+01 2.254e+00
5.450e+01 2.269e+00
5.550e+01 1.960e+00
5.650e+01 1.960e+00
5.750e+01 1.822e+00
5.850e+01 1.758e+00
5.950e+01 1.701e+00
6.050e+01 1.640e+00
6.150e+01 1.530e+00
6.250e+01 1.420e+00
6.350e+01 1.446e+00
6.450e+01 1.380e+00
6.550e+01 5.520e-01
