-7.600e+01 1.880e-01
-6.550e+01 1.800e-02
-6.450e+01 4.700e-01
-6.350e+01 5.010e-01
-6.250e+01 4.990e-01
-6.150e+01 5.240e-01
-6.050e+01 5.770e-01
-5.950e+01 5.730e-01
-5.850e+01 5.990e-01
-5.750e+01 6.470e-01
-5.650e+01 6.920e-01
-5.550e+01 7.650e-01
-5.450e+01 7.900e-01
-5.350e+01 8.240e-01
-5.250e+01 9.860e-01
-5.150e+01 9.640e-01
-5.050e+01 8.720e-01
-4.950e+01 8.700e-01
-4.850e+01 9.140e-01
-4.750e+01 8.910e-01
-4.650e+01 8.760e-01
-4.550e+01 8.580e-01
-4.450e+01 8.780e-01
-4.350e+01 8.330e-01
-4.250e+01 8.920e-01
-4.150e+01 9.590e-01
-4.050e+01 1.017e+00
-3.950e+01 1.005e+00
-3.850e+01 1.017e+00
-3.750e+01 1.113e+00
-3.650e+01 1.078e+00
-3.550e+01 1.115e+00
-3.450e+01 1.207e+00
-3.350e+01 1.185e+00
-3.250e+01 1.209e+00
-3.150e+01 1.310e+00
-3.050e+01 1.352e+00
-2.950e+01 1.426e+00
-2.850e+01 1.369e+00
-2.750e+01 1.444e+00
-2.650e+01 1.312e+00
-2.550e+01 1.520e+00
-2.450e+01 1.641e+00
-2.350e+01 1.711e+00
-2.250e+01 1.770e+00
-2.150e+01 1.788e+00
-2.050e+01 1.778e+00
-1.950e+01 1.519e+00
-1.850e+01 1.513e+00
-1.750e+01 1.411e+00
-1.650e+01 1.303e+00
-1.550e+01 1.349e+00
-1.450e+01 1.399e+00
-1.350e+01 1.525e+00
-1.250e+01 1.716e+00
-1.150e+01 1.669e+00
-1.050e+01 1.821e+00
-1.050e+01 1.799e+00
-9.500e+00 1.549e+00
-8.500e+00 1.604e+00
-7.500e+00 1.682e+00
-6.500e+00 2.029e+00
-5.500e+00 2.361e+00
-4.500e+00 2.406e+00
-3.500e+00 2.486e+00
-2.500e+00 2.768e+00
-1.500e+00 3.421e+00
-5.000e-01 5.350e+00
5.000e-01 5.171e+00
1.500e+00 3.338e+00
2.500e+00 2.684e+00
3.500e+00 2.476e+00
4.500e+00 2.263e+00
5.500e+00 2.201e+00
6.500e+00 2.068e+00
7.500e+00 1.965e+00
8.500e+00 1.994e+00
9.500e+00 1.958e+00
1.050e+01 1.897e+00
1.050e+01 1.928e+00
1.150e+01 2.187e+00
1.250e+01 1.934e+00
1.350e+01 1.991e+00
1.450e+01 2.034e+00
1.550e+01 2.184e+00
1.650e+01 2.060e+00
1.750e+01 2.147e+00
1.850e+01 2.168e+00
1.950e+01 2.089e+00
2.050e+01 2.085e+00
2.150e+01 2.052e+00
2.250e+01 1.900e+00
2.350e+01 1.729e+00
2.450e+01 1.799e+00
2.550e+01 1.999e+00
2.650e+01 2.170e+00
2.750e+01 2.011e+00
2.850e+01 1.711e+00
2.950e+01 1.628e+00
3.050e+01 1.415e+00
3.150e+01 1.532e+00
3.250e+01 1.669e+00
3.350e+01 1.457e+00
3.450e+01 1.222e+00
3.550e+01 1.170e+00
3.650e+01 1.201e+00
3.750e+01 1.047e+00
3.850e+01 9.950e-01
3.950e+01 9.820e-01
4.050e+01 9.950e-01
4.150e+01 9.190e-01
4.250e+01 8.330e-01
4.350e+01 8.500e-01
4.450e+01 8.880e-01
4.550e+01 8.140e-01
4.650e+01 7.880e-01
4.750e+01 7.970e-01
4.850e+01 7.270e-01
4.950e+01 7.450e-01
5.050e+01 6.680e-01
5.150e+01 6.040e-01
5.250e+01 6.710e-01
5.350e+01 6.690e-01
5.450e+01 6.420e-01
5.550e+01 5.480e-01
5.650e+01 5.590e-01
5.750e+01 5.180e-01
5.850e+01 5.120e-01
5.950e+01 5.220e-01
6.050e+01 4.690e-01
6.150e+01 4.490e-01
6.250e+01 4.200e-01
6.350e+01 4.370e-01
6.450e+01 3.930e-01
6.550e+01 1.900e-01
