-7.600e+01 3.410e-01
-6.550e+01 5.200e-02
-6.450e+01 8.190e-01
-6.350e+01 8.650e-01
-6.250e+01 9.190e-01
-6.150e+01 9.210e-01
-6.050e+01 1.045e+00
-5.950e+01 9.490e-01
-5.850e+01 1.070e+00
-5.750e+01 1.165e+00
-5.650e+01 1.202e+00
-5.550e+01 1.341e+00
-5.450e+01 1.483e+00
-5.350e+01 1.497e+00
-5.250e+01 1.713e+00
-5.150e+01 1.737e+00
-5.050e+01 1.560e+00
-4.950e+01 1.628e+00
-4.850e+01 1.743e+00
-4.750e+01 1.594e+00
-4.650e+01 1.553e+00
-4.550e+01 1.622e+00
-4.450e+01 1.668e+00
-4.350e+01 1.538e+00
-4.250e+01 1.710e+00
-4.150e+01 1.701e+00
-4.050e+01 1.968e+00
-3.950e+01 1.798e+00
-3.850e+01 1.865e+00
-3.750e+01 2.037e+00
-3.650e+01 1.976e+00
-3.550e+01 2.060e+00
-3.450e+01 2.187e+00
-3.350e+01 2.293e+00
-3.250e+01 2.249e+00
-3.150e+01 2.495e+00
-3.050e+01 2.600e+00
-2.950e+01 2.580e+00
-2.850e+01 2.676e+00
-2.750e+01 2.773e+00
-2.650e+01 2.540e+00
-2.550e+01 2.949e+00
-2.450e+01 3.096e+00
-2.350e+01 3.222e+00
-2.250e+01 3.354e+00
-2.150e+01 3.445e+00
-2.050e+01 3.315e+00
-1.950e+01 2.815e+00
-1.850e+01 2.819e+00
-1.750e+01 2.618e+00
-1.650e+01 2.549e+00
-1.550e+01 2.550e+00
-1.450e+01 2.550e+00
-1.350e+01 2.887e+00
-1.250e+01 3.202e+00
-1.150e+01 3.067e+00
-1.050e+01 3.308e+00
-1.050e+01 3.283e+00
-9.500e+00 2.943e+00
-8.500e+00 3.195e+00
-7.500e+00 3.265e+00
-6.500e+00 3.889e+00
-5.500e+00 4.492e+00
-4.500e+00 4.678e+00
-3.500e+00 4.800e+00
-2.500e+00 5.434e+00
-1.500e+00 6.830e+00
-5.000e-01 1.078e+01
5.000e-01 1.023e+01
1.500e+00 6.596e+00
2.500e+00 5.133e+00
3.500e+00 4.833e+00
4.500e+00 4.369e+00
5.500e+00 4.232e+00
6.500e+00 4.060e+00
7.500e+00 3.792e+00
8.500e+00 3.803e+00
9.500e+00 3.787e+00
1.050e+01 3.804e+00
1.050e+01 3.768e+00
1.150e+01 4.191e+00
1.250e+01 3.813e+00
1.350e+01 3.839e+00
1.450e+01 3.942e+00
1.550e+01 4.178e+00
1.650e+01 3.869e+00
1.750e+01 4.059e+00
1.850e+01 4.110e+00
1.950e+01 3.960e+00
2.050e+01 4.021e+00
2.150e+01 3.971e+00
2.250e+01 3.779e+00
2.350e+01 3.592e+00
2.450e+01 3.636e+00
2.550e+01 3.988e+00
2.650e+01 4.233e+00
2.750e+01 3.878e+00
2.850e+01 3.256e+00
2.950e+01 3.280e+00
3.050e+01 2.806e+00
3.150e+01 2.935e+00
3.250e+01 3.010e+00
3.350e+01 2.595e+00
3.450e+01 2.294e+00
3.550e+01 2.204e+00
3.650e+01 2.164e+00
3.750e+01 1.948e+00
3.850e+01 1.834e+00
3.950e+01 1.751e+00
4.050e+01 1.748e+00
4.150e+01 1.622e+00
4.250e+01 1.524e+00
4.350e+01 1.546e+00
4.450e+01 1.533e+00
4.550e+01 1.442e+00
4.650e+01 1.463e+00
4.750e+01 1.395e+00
4.850e+01 1.264e+00
4.950e+01 1.337e+00
5.050e+01 1.167e+00
5.150e+01 1.114e+00
5.250e+01 1.221e+00
5.350e+01 1.242e+00
5.450e+01 1.131e+00
5.550e+01 1.035e+00
5.650e+01 9.740e-01
5.750e+01 9.660e-01
5.850e+01 8.780e-01
5.950e+01 9.240e-01
6.050e+01 8.110e-01
6.150e+01 7.770e-01
6.250e+01 7.980e-01
6.350e+01 7.600e-01
6.450e+01 7.010e-01
6.550e+01 2.870e-01
