-7.600e+01 3.730e-01
-6.550e+01 4.100e-02
-6.450e+01 9.440e-01
-6.350e+01 1.030e+00
-6.250e+01 1.020e+00
-6.150e+01 1.061e+00
-6.050e+01 1.107e+00
-5.950e+01 1.142e+00
-5.850e+01 1.249e+00
-5.750e+01 1.360e+00
-5.650e+01 1.445e+00
-5.550e+01 1.527e+00
-5.450e+01 1.699e+00
-5.350e+01 1.761e+00
-5.250e+01 2.000e+00
-5.150e+01 1.970e+00
-5.050e+01 1.729e+00
-4.950e+01 1.816e+00
-4.850e+01 1.859e+00
-4.750e+01 1.855e+00
-4.650e+01 1.766e+00
-4.550e+01 1.825e+00
-4.450e+01 1.835e+00
-4.350e+01 1.742e+00
-4.250e+01 1.844e+00
-4.150e+01 1.907e+00
-4.050e+01 2.165e+00
-3.950e+01 2.143e+00
-3.850e+01 2.159e+00
-3.750e+01 2.359e+00
-3.650e+01 2.237e+00
-3.550e+01 2.374e+00
-3.450e+01 2.516e+00
-3.350e+01 2.469e+00
-3.250e+01 2.474e+00
-3.150e+01 2.645e+00
-3.050e+01 2.827e+00
-2.950e+01 2.879e+00
-2.850e+01 2.833e+00
-2.750e+01 2.941e+00
-2.650e+01 2.825e+00
-2.550e+01 3.305e+00
-2.450e+01 3.426e+00
-2.350e+01 3.548e+00
-2.250e+01 3.726e+00
-2.150e+01 3.805e+00
-2.050e+01 3.597e+00
-1.950e+01 3.183e+00
-1.850e+01 3.099e+00
-1.750e+01 2.973e+00
-1.650e+01 2.827e+00
-1.550e+01 2.812e+00
-1.450e+01 2.957e+00
-1.350e+01 3.244e+00
-1.250e+01 3.624e+00
-1.150e+01 3.655e+00
-1.050e+01 3.770e+00
-1.050e+01 3.753e+00
-9.500e+00 3.615e+00
-8.500e+00 3.848e+00
-7.500e+00 4.051e+00
-6.500e+00 4.887e+00
-5.500e+00 5.556e+00
-4.500e+00 5.943e+00
-3.500e+00 6.127e+00
-2.500e+00 6.864e+00
-1.500e+00 8.554e+00
-5.000e-01 1.244e+01
5.000e-01 1.199e+01
1.500e+00 8.295e+00
2.500e+00 6.548e+00
3.500e+00 6.024e+00
4.500e+00 5.498e+00
5.500e+00 5.226e+00
6.500e+00 4.991e+00
7.500e+00 4.811e+00
8.500e+00 4.509e+00
9.500e+00 4.635e+00
1.050e+01 4.022e+00
1.050e+01 4.189e+00
1.150e+01 4.570e+00
1.250e+01 4.221e+00
1.350e+01 4.103e+00
1.450e+01 4.342e+00
1.550e+01 4.594e+00
1.650e+01 4.245e+00
1.750e+01 4.387e+00
1.850e+01 4.493e+00
1.950e+01 4.339e+00
2.050e+01 4.417e+00
2.150e+01 4.255e+00
2.250e+01 3.960e+00
2.350e+01 3.728e+00
2.450e+01 3.964e+00
2.550e+01 4.237e+00
2.650e+01 4.478e+00
2.750e+01 4.166e+00
2.850e+01 3.585e+00
2.950e+01 3.438e+00
3.050e+01 2.950e+00
3.150e+01 3.194e+00
3.250e+01 3.343e+00
3.350e+01 2.974e+00
3.450e+01 2.399e+00
3.550e+01 2.439e+00
3.650e+01 2.391e+00
3.750e+01 2.109e+00
3.850e+01 2.004e+00
3.950e+01 1.952e+00
4.050e+01 2.009e+00
4.150e+01 1.900e+00
4.250e+01 1.719e+00
4.350e+01 1.753e+00
4.450e+01 1.738e+00
4.550e+01 1.715e+00
4.650e+01 1.679e+00
4.750e+01 1.596e+00
4.850e+01 1.495e+00
4.950e+01 1.477e+00
5.050e+01 1.400e+00
5.150e+01 1.297e+00
5.250e+01 1.317e+00
5.350e+01 1.370e+00
5.450e+01 1.407e+00
5.550e+01 1.197e+00
5.650e+01 1.186e+00
5.750e+01 1.079e+00
5.850e+01 1.041e+00
5.950e+01 1.045e+00
6.050e+01 9.880e-01
6.150e+01 9.130e-01
6.250e+01 8.820e-01
6.350e+01 8.580e-01
6.450e+01 8.190e-01
6.550e+01 3.790e-01
